a = [16, 3, 2, 13;
     5, 10, 11, 8;
     9, 6, 7, 12;
     4, 15, 14, 1;]

b = [ 16 3 2 4
20 30 4 4
5 6 7 8]

c = [ 20,30 40;
50,40,10
80 20 15]

d = [ 1,2,3,4;5 6 7 8
9 9 9 9
8,8,8,8;
4 5,9 4]
